0	0	0.08664589652335297	0.07926544148800392	0.03412186575093821	0.004700489462273468	0.05151525467590296	1.4584211587329895E-5	0.19248581996764474	4.906393834074039E-4	1.7799763927788642E-5	2.3318070110202918E-5	0.3901715367291852	0.049841606653249486	0.004693689681365753	0.041723179227961434	0.06428887841108916
1	1	0.01916478405869463	0.1364461730525648	0.0019027414543471225	5.569328607906351E-5	0.3017996340122329	0.005851263733328205	0.10111422583945955	0.003869342439512339	1.6219545905208457E-5	2.1247950821575437E-5	0.2824577613967832	0.00998633033110143	0.0030691390369152124	0.07163778032539243	0.06260766353686238
2	2	0.17780021753276273	0.0398160131375918	0.03028812536630325	0.0010289462301690717	0.0280054161755143	0.0015908470641595547	8.87243728509529E-5	0.015456502077473136	2.5300928778766256E-5	3.3144755936648937E-5	0.2390038965538565	5.045919609239307E-4	0.12694264694130644	0.0021538831526756613	0.3372617437496973
3	3	0.008640125677689885	1.5161267820759257E-4	0.09623513045569514	2.4403341767706774E-4	6.083540059052435E-4	1.2618825874724821E-5	0.054149634558525644	4.2218987125274494E-5	0.02257117473652739	0.19843452392119307	0.3203879998272872	0.024583281840213914	8.116018568119153E-4	0.08503507380327638	0.1880926154079896
4	4	5.924426875356008E-4	0.05674908918098154	0.001198506292904192	0.01945809997409849	0.05658471380331332	8.254232032330765E-4	0.06172674417942374	0.012443440586614703	2.169086629688168E-5	0.18740340628973856	0.3045118987775464	0.20826807256070215	0.0016814956404237991	0.026345297993334533	0.06218967796385311
5	5	0.44965473089557806	0.14608511236002528	0.028104060148169033	4.5734043964806647E-4	0.0018565765054752413	2.3648807726104177E-5	0.01872935010522519	7.912215596193548E-5	2.886293799138343E-5	3.7811063921965846E-5	0.059861615169176666	0.020994932696086994	0.0029539478627590315	0.14073519525372477	0.13039769359853032
6	6	0.03880339057898976	0.17920987988512802	0.017190177079118157	0.0018148612805903598	0.1362399280943573	1.9087910824537732E-5	0.10128232494082184	0.010183925678918338	2.329644660713929E-5	3.051884157046576E-5	0.3316784983149841	0.0111629676364436	0.06541778613696496	0.027717114828347593	0.07922624234633391
7	7	0.011253744304651031	0.19388842311594426	0.026917629909440816	3.0463668524308963E-5	1.3021997971451085E-4	7.26920242777609E-6	0.0020131683080593338	0.24535887612787716	8.87192882405318E-6	1.1622415846146756E-5	0.3098727714572842	3.971668309287305E-4	2.7074456595591785E-5	0.191693387112778	0.0183893111811041
8	8	0.039532042434224535	0.2508800024708337	0.1040933374401358	0.0023727478954906497	3.9006323868744905E-4	5.479453074252968E-4	5.0494480733461964E-5	3.9472534465986846E-5	1.4399169244106809E-5	0.11993715793247212	0.2941844706130572	0.0018956135802827938	0.003975689298497656	0.05430439932680795	0.1277821642776414
9	9	0.02483035592992602	0.058896490916290165	0.005548341450118602	1.1410920658600411E-4	0.0021376118454711646	0.029311900976956597	0.148189739380808	9.109910489799943E-5	0.00745751514300133	0.27597939129414106	0.20008537595102582	0.04438354475226373	0.06609504197573018	0.010253343467289242	0.12662613860549415
10	10	5.7973068300120885E-5	0.03750730807173953	0.014868421576951112	0.033312364666387415	5.276431890615657E-5	1.9076878869358063E-5	0.0018155131757720412	0.1925228700803047	2.3282982307291184E-5	0.002342321554911848	0.2557746865158617	0.05450314753989783	7.105265454628586E-5	0.2354759497043294	0.17165326721091534
11	11	4.017530481753872E-5	0.0021614516786057918	0.22218024325227842	0.005061935324909017	3.656564431902324E-5	0.01943856451305087	5.658195854598706E-5	0.0010455376407456877	1.6135094082209095E-5	2.113731713353201E-5	0.3693022870889676	0.0021241436184864684	4.923945097600363E-5	0.24368974005713961	0.1347762620559423
12	12	7.537712261755379E-5	0.18853939087941637	0.08020052908771967	0.10042420253672679	0.08348095114863469	2.4803935342039247E-5	1.0615937443741094E-4	8.298688303158253E-5	3.0272750153459848E-5	3.965794790148831E-5	0.24426377312886915	0.14450883230849948	0.03390819946707688	0.06908157568880631	0.055233287740767203
13	13	0.07198885042743841	0.026418980881761294	0.0027949964279712232	7.398230469003816E-5	8.510789372675701E-4	0.008040166876421341	0.028154352802683757	3.264808961841749E-4	0.05885331013819238	0.11501758299277523	0.3375077479367103	0.030113001442733094	0.16960819944432948	0.04221419502987142	0.10803707346097031
14	14	0.05106326885527114	0.06016191473375068	0.15683224382554675	7.52998456904554E-4	2.71767453092724E-4	1.5170733662708548E-5	9.841580622710594E-4	5.075694169532455E-5	1.8515603410619954E-5	2.5406289023115246E-4	0.13606928406747332	5.99075105115361E-4	0.31420274842785034	0.17255269338383056	0.10617134145989379
15	15	2.8589621598535336E-4	0.01566699043608237	0.04844694891298191	0.011733999485169943	4.3479154035964785E-5	0.4369749455819685	6.72799765215039E-5	5.288439258953857E-4	4.954356127700807E-4	0.020027626942303572	0.11956306744247686	0.0113363799609043	0.03934916079148306	0.05664015271417885	0.2388397928472424
16	16	1.5728587745714702E-4	0.19270692807714415	3.542389531709762E-4	0.15074888097052	0.001711195530059937	5.175719899069812E-5	0.09273596234332655	0.018205641293838667	6.316871625740547E-5	8.275236460648332E-5	0.17883692250576416	0.013804143973420738	0.04331391134080116	0.14728534024203743	0.15994187061260448
17	17	0.0110778648208451	0.07370988229354339	0.008844640836289457	0.006379729556242155	6.793804354762244E-4	1.0722869001668135E-5	0.022461312193548678	0.007020390257074538	1.3087065811916086E-5	1.714433513709028E-5	0.26624032301305295	0.48820244196616575	3.993778605704596E-5	0.06121342139116153	0.05408972118059259
18	18	0.06289767335628829	0.4480198686577803	0.0037624510173548285	0.02592664310704744	0.0020173013430135125	9.389845911787372E-6	6.091394630626326E-4	7.426050907005183E-4	1.146013547234378E-5	1.5013021717627625E-5	0.3250280819483758	0.014025629875969172	0.0017418273201257987	0.03582388623033886	0.07936902958684104
19	19	0.006629771210028475	0.15120005864090558	0.12307274049551095	0.029056848653113657	0.1603138444391513	1.2433446314571295E-5	0.08009877069324778	4.159876006602906E-5	1.5174794186369938E-5	0.007365236232962375	0.19363534088292536	0.07733471675338269	4.6308904714388046E-5	0.043292213513054456	0.1278849425804361
20	20	0.011666061576763306	0.014175079146565326	0.0061747980742960975	0.002819883960661556	0.33044584312684155	1.2185579581424184E-5	0.06373494018402108	2.2535725609271803E-4	1.4872277364726751E-5	1.9483000319328737E-5	0.4219865636650761	0.05068907289918429	0.0024450269495682893	0.003665727074835509	0.0919251052288287
21	21	0.009307875480333684	0.07643042469301047	0.02345319583057446	0.005074205722368766	0.001193901272996588	1.2747975398016339E-5	0.20861010775382288	0.12131383962647338	1.555867118926595E-5	2.0382190858526177E-5	0.17400914960003452	0.11540206105667593	4.748038179215452E-5	0.2581568131602831	0.006952256584188302
22	22	0.0023006504434318923	0.1873467697570639	0.06970219145932692	0.053100828434714246	0.012114707358784383	0.018534563235223216	0.016631485908002577	0.00511179345372111	0.0014253341866682474	2.9611275703106143E-5	0.29852975380255586	0.16681463918472786	0.0037160789364338357	0.005571362381881585	0.15907023018176134
23	23	1.9441648599518704E-4	0.11574704529359091	0.03132581323205967	0.11533954587661188	2.9566898297628337E-5	1.726207023878966E-4	0.13250516630919054	0.07452394444926728	1.3046801024182933E-5	1.709158740699998E-5	0.26671663182302385	0.18550906334573944	3.98149100433367E-5	0.0759227227693681	0.0019435095159931462
24	24	7.783366423867101E-5	0.10234551436490294	1.75296830123099E-4	0.07615070596548516	7.084048510703698E-5	0.32747767635047886	0.002049501006190762	8.56914268652363E-5	3.125933956089816E-5	4.095040105232558E-5	0.152126427531077	0.011486762824366368	0.21969002472994692	0.04960626809986454	0.05858524698074027
25	25	4.881751738599987E-5	0.08536200612344311	0.07189524589205391	0.11200371995847243	4.4431373585868474E-5	0.17205744212892027	0.02245603319029717	0.02195434567820424	1.9605955436064865E-5	0.0034324441802110694	0.2655088286749714	0.08823675259743526	0.0514045708833487	0.04741698614902766	0.05815876969720694
26	26	0.005724406027245837	0.05214479747200029	0.005488898395629801	0.001030564336530522	0.0010009791503558835	0.007883692516823767	0.005435656052166018	6.946666817564389E-5	2.5340716663309837E-5	0.20918712520179103	0.25762174747411287	0.00805379792589115	0.051972667839396115	0.0465041934671695	0.34785666675604837
27	27	0.004134707285386569	0.1308232535349396	0.0037936445851896186	6.390385386972427E-4	0.22178211634319564	1.287477202893018E-5	0.0022004080721135274	0.0016032969900280894	4.057688442057934E-4	0.001970862020770268	0.3672571277460086	0.1192802855816674	4.795264128888096E-5	0.09378082771846741	0.05226783532601247
28	28	3.549142406643286E-5	0.0056246422541977375	0.06164586857739943	5.796848672911124E-4	0.034530455753895795	1.1678967797792883E-5	5.807261083325965E-4	0.14687736740323667	0.0033756124793952284	1.867300047678446E-5	0.19939973071749623	0.008422301488753416	2.2041242299893228E-4	0.4873720377695119	0.05130531676515003
29	29	3.921715611180773E-5	0.00426024010917767	0.02511043173757345	5.408197844436165E-5	0.0023815161081180408	1.2904973959159954E-5	2.5071773476228305E-4	0.1425518947509515	0.005098365755910905	2.0633209121256828E-5	0.2475042729613925	0.0010960584496106142	8.300059713433546E-4	0.49982811772244506	0.0709615413810781
30	30	4.876401157915643E-4	0.02236515330885714	0.23668125016422545	0.041483603253076116	1.8017733218124413E-4	0.12768629781519472	4.304741249920123E-5	3.365101391012512E-5	0.004887740546154435	1.608121799166881E-5	0.15679225666306196	0.10110600094851685	0.057324175082715534	0.1451759582400229	0.10573696688580117
31	31	0.0030465622288827474	0.07147962407977393	0.002026892721886407	0.03298719714038343	0.015009640258698831	0.07427383667100622	0.0014368487545687232	6.0075901205520776E-5	2.191506273041409E-5	0.13058849925660787	0.28780336063096046	0.1369808459899151	3.3887773831851864E-4	0.01981761349003533	0.22412821007502656
32	32	0.0018400593044060438	0.05983732612064872	0.009776748067777176	6.837280411234562E-4	0.011815078372416825	2.6770604238357635E-4	0.13129713328846326	0.12312585177685136	0.05935626369694119	0.012193823809573281	0.2942804285805464	0.09428041163909584	3.1859642374395296E-5	0.06451059362202802	0.1367029879953705
33	33	6.778713751731845E-5	0.027637711656507434	0.03732140581537018	0.012933589805122228	6.169661614567022E-5	0.49875916063395176	7.712650126713426E-4	0.014942124946067522	0.08348793112810582	3.7356224871342136E-4	0.11120287388434587	2.0505695573939017E-4	0.033534943101918166	0.15470945292949626	0.023991438128327658
34	34	0.008872563684847621	0.013423173523815692	0.002892089519005735	6.425655552989832E-5	0.2311434262083053	1.5332818799736514E-5	0.05069881131084045	5.1299232268260375E-5	2.509757545089993E-4	2.4514986059987005E-5	0.4101990318544611	0.03172862776964472	0.0014506817169302637	0.0029866590337638403	0.2461985560312185
35	35	0.0011251214358548465	0.10333349042263429	0.0022637944714583667	0.011055822927780855	0.3305719453871859	5.533756784013884E-4	0.0014149119942840735	5.915870610099819E-5	2.158047951404456E-5	2.9611775950912734E-4	0.32813981606095854	0.026679386153845686	0.002476478971047676	0.1346892073042672	0.05731979224715707
36	36	3.4923015262937565E-5	0.07621114964223281	0.016094038065791717	0.22635250663378506	3.178526113123408E-5	1.8557219113160922E-4	0.008927278348113844	0.013268548950991171	1.4025684172430458E-5	3.66534478181784E-4	0.15111947833547146	0.004109488696036508	0.07333059436071537	0.39322277500063013	0.03673130133635201
37	37	0.013376971295362482	0.05257606245453527	0.02738890450456931	0.09297997835973194	0.005320549533412726	0.0037362139315022243	0.0013260789110042998	0.02762703727277702	2.49483819201594E-5	3.268291203807383E-5	0.4877268163947547	0.02186325283374793	0.10133093584492425	0.054454333474716156	0.11023523389500355
38	38	9.468357243463095E-4	0.1403801323309775	0.027601143262730183	0.24237176846823028	0.010184341038411883	1.4880072287333346E-5	6.368582822942044E-5	4.978447175346097E-5	1.8160856509587632E-5	4.7459931239293436E-4	0.09649601254378802	0.08060605330288831	0.016059112685527434	0.367376901524831	0.01735658857709645
39	39	0.007891041718528398	0.059666142497852584	0.039036006162295765	0.25193421849107034	4.934220920292331E-5	0.0016392524289525108	0.02358683825682088	0.003842982826328466	2.1772929276649437E-5	2.852300139693346E-5	0.21540531117704667	0.014216239784440128	0.10005356770520782	0.24425475753362996	0.03837400327795003
40	40	0.010477861957925287	0.03479767118785792	0.1660437893747869	0.01120704479188645	0.0038361218049565715	0.0014379634664127817	6.697694779682397E-5	5.2357205023890084E-5	1.9099362797112056E-5	9.732301925380653E-4	0.3236007814617981	0.0447097100667833	0.1162139639827655	0.17111840975564166	0.11544501844102974
41	41	0.019370483038644335	4.07677104362625E-4	0.12491866750939416	6.289793518392514E-5	0.041646826959899574	0.03866475473685031	0.32881442941827155	0.0032331348453890816	0.010021781453742067	0.03685493117759887	0.2564756892489836	0.032649227804078966	2.832517216597838E-4	0.06385369804274216	0.04274254900319905
42	42	3.1189031559683127E-4	0.021507640886141644	0.11285997549335158	0.0034489508091727827	8.267590893355928E-4	0.14653057762028296	0.1047629569041274	0.007071316746187376	0.0013198080863808393	2.7418974080994437E-5	0.2720116078074157	0.043020618839641624	0.01720906103469222	0.1298511603524403	0.13924025704115228
43	43	4.2088624686722293E-5	0.08912100125887139	9.47919202313172E-5	0.01579293532417447	6.677027958849612E-4	1.3849872336751932E-5	0.045795367013160136	0.3420180226662025	4.365006757287491E-4	2.214396659235991E-5	0.2519895549644004	0.06579427408003674	5.1584444258019755E-5	0.1852225622575821	0.0029376201358534033
44	44	3.225065483122946E-5	0.09433250943983375	0.022578949290876574	0.018531804611512423	2.9353006255213546E-5	1.0612545682208767E-5	0.01226313461347598	0.3045137888741421	1.295241821507151E-5	1.6967943915491524E-5	0.1487188790104012	0.023889948180015576	0.0016471207698010068	0.35541633993128485	0.01800538870975739
45	45	0.011809047773618905	3.638362003207564E-4	0.18128357179899615	0.04834691919225047	0.00348638969575517	0.0036656388826778437	0.06539191993219877	0.009581230150600912	0.04161135194825341	0.018891344758375273	0.32222985987217906	0.10015404582625788	4.988885334474669E-5	0.08377010426603335	0.1093648508491374
46	46	0.001799223913552961	0.09541442670661317	0.0025780605585264595	0.0402275040419727	4.091331258317337E-4	2.2838826408204764E-5	0.015666116185073402	0.27477160517293825	7.198018088281486E-4	3.6516019548422784E-5	0.2899529859456044	0.11230219696779396	0.0035447013809229958	0.10408629520989521	0.058468594136490026
47	47	0.3605650787777005	0.054484602187101536	0.00907402837433343	0.005545505487483626	8.979188380620747E-5	3.24641524108184E-5	0.010466086369618946	1.0861578139457287E-4	0.001514927865170447	5.1905540279011395E-5	0.09840403466383135	0.04357407682784567	0.15847042049916357	0.08943255074612193	0.16818591084373838
48	48	0.025466895177815654	0.3375574874931431	0.027237960868454394	0.013754600404210985	2.7833278467950665E-4	5.773337417038448E-6	2.8707398019551936E-4	0.016985549590994107	7.046252893644945E-6	9.230741466841774E-6	0.23744876225722242	0.06590654685739626	2.8386748106090003E-4	0.14227664819404506	0.1324942245790046
49	49	0.010223554221983157	3.7260611311650514E-4	0.12435423288849795	0.056785036786322234	3.794089916372666E-5	0.0037539954929146748	0.019591272950412943	0.22612492084337066	0.036172762653610684	2.2972552621600397E-4	0.14984016898377892	0.10693181800142978	0.006908267716390645	0.1589325143244654	0.09974118259832672
50	50	5.107973032708117E-5	0.06691145272503721	0.00648045213248834	7.044092811363398E-5	0.01761502320494514	1.680852603979167E-5	7.193949609177274E-5	0.25187187437563757	0.02268137574127534	2.6874431044701482E-5	0.4456047775128994	0.016704584035196788	6.260407702519294E-5	0.10028296548089656	0.07154774760298153
51	51	1.9347659127803043E-4	0.07022718693048167	0.002973474069230584	0.004073281896969983	0.03258131582374423	1.0638198536623948E-5	4.5530859769453426E-5	0.1787487016712443	1.74131706584285E-4	1.7008959163672624E-5	0.5063434358288786	0.028943282798613267	0.004068321915494902	0.11165282638258835	0.059947386367422084
52	52	0.022854775147125063	0.051329193502036415	0.0014864320680170633	6.373841438951662E-5	0.21683854057736512	9.367669865177583E-4	0.03969208004640336	0.0046586746037386995	0.0016312886875464202	2.4317306263290578E-5	0.4354596302895212	0.016958244386415338	2.8703669776920424E-4	0.022084900190575445	0.18569438109631614
53	53	3.9011250802370865E-5	0.02076687334627462	0.023617380353321258	0.24448855625739768	3.550617793090073E-5	1.2837217830980749E-5	0.005888707645025258	4.294966423271446E-5	1.566758994909031E-5	2.1498371385181652E-4	0.18125552775754114	0.009257574874874955	4.78127690659698E-5	0.47192417704784184	0.042392434334059495
54	54	0.0010836166401146116	0.10029550241207295	0.05403149572978835	0.022256462818294503	0.001078966862185546	0.011625509683911038	0.07436715808159583	0.242803191924911	2.078439353997705E-5	2.72279985133176E-5	0.12333424231833501	0.12475423525278767	0.0021271574950022976	0.19937151438156683	0.04282293400738114
55	55	5.593419916081834E-4	0.11171478381211726	0.03421971936695779	0.022025237680570315	0.0014827041831171135	0.014938908061639751	0.009915105373680653	0.0536790724870378	0.0657265850376178	4.9173003467480546E-5	0.40256778584469516	0.004009762623259272	0.002443947576948999	0.1252559672909413	0.1514119056663412
56	56	0.038274629456092536	0.09230028772869919	0.1367293505881732	0.010086052880255299	0.008395024959388372	1.3792001490267893E-5	0.010505126407616897	4.6144097646650874E-5	0.02863913992079758	2.2051439379108014E-5	0.3184184215630424	0.02519742053260109	0.044133900174422175	0.03423373963732672	0.25300491861306856
57	57	6.021787651370352E-5	0.003840086569088926	0.15232039711204762	0.05951614999704156	0.001855810684987966	1.9815565567011544E-5	0.002185979904157641	0.0024676348876628445	2.4184535933011515E-5	3.168225751512791E-5	0.2518709923312625	0.11574653497737031	7.380392487230412E-5	0.35115330702734027	0.05883340234863927
58	58	0.026256367723558178	0.00578243920733798	0.09267741628480944	0.19292233199854947	3.798826138321926E-5	1.3734612251019283E-5	0.0035956777652141184	0.008160004035893677	2.2481545745830806E-4	2.195968218699947E-5	0.2596709443981952	0.05796488576145239	0.008373259713375379	0.18534554163960718	0.15895263345872748
59	59	0.010172841911084836	0.15272733864504867	0.07018703889520601	0.03991366836638986	3.137562040413196E-5	1.1343819503576415E-5	4.8550875722915286E-5	0.0012408105160172543	0.20398408176384314	1.8137146250105264E-5	0.24436945350390354	0.07605613000350318	0.0452353190253694	0.10290598995912223	0.05309791994863118
60	60	2.2863408488008973E-5	0.029265923518183128	0.012929754095217962	3.7343026558714403E-4	0.005377254094331254	7.523536135924872E-6	2.601341151587823E-4	0.22499585788658286	9.182338470595907E-6	1.2029059098851168E-5	0.17005029211589343	0.13284061576007794	2.559555594350297E-4	0.33265334863683	0.09094583561050913
61	61	6.49347682317613E-5	0.1067472622483582	1.4624596114222755E-4	7.369064272725694E-4	0.05735036006313013	0.18581336193298098	0.08068763127819431	0.04117877822864272	2.607892085409941E-5	6.815228069651421E-4	0.3250072599607512	0.013143605798833972	4.032644499146215E-4	0.07181119205099541	0.11620159510373274
62	62	5.278665464339233E-5	0.1436117703011831	0.0011713856039095747	0.04769840178894701	0.0379380295294408	1.7370214240472295E-5	0.024281834311728465	0.0021631149775167263	2.1200029292233112E-5	0.014499642004196036	0.400766138659928	0.08883277168940057	0.10873527991389216	0.048377878479234644	0.08183239584244692
63	63	1.069671843299629E-4	0.28994933188591854	2.4091128849770173E-4	0.015610248962709131	0.007028928213775047	5.683969332498079E-4	0.12598533795089242	0.03477562509397166	0.003242146842627813	0.008054245785438388	0.27198543515840634	0.04404579915482039	0.008662265851219755	0.05697698173215262	0.13276737796199042
64	64	8.869506751544235E-4	0.15055797668031162	0.00877496881919136	0.20930870194074666	0.04710219094121049	0.004616035399936726	4.8186546040382644E-5	3.766837626107932E-5	1.3741031131440324E-5	1.8001043643572252E-5	0.3128011670173815	0.06064778484870138	4.19334913889551E-5	0.14835208945975106	0.05679260372914946
65	65	0.04843388396328521	0.07956183027328918	0.07145802268227917	6.169172473199554E-5	2.6370741057477016E-4	0.12176806257819583	2.859956296587145E-4	0.0016101918783361397	1.796647013863742E-5	0.03815507756450377	0.1364935889376173	0.05387626877694495	0.16038569407823466	0.052594542591513214	0.23503347544069653
66	66	0.19468527577514777	0.06957711587765586	0.004493060483999424	8.601184861863299E-5	5.676698885037049E-5	2.0524039588244546E-5	0.011280213202096493	6.866757428441149E-5	0.00748663023423265	0.10915843740462433	0.270514114429864	0.0026758663529791995	0.06660887341680724	0.001510656236253193	0.2617777861349982
67	67	3.631374673907804E-5	0.08467646810647014	0.0806324044376878	0.10413233816497865	3.305103852186691E-5	0.10011193188784012	0.001137219188143397	3.9979831392138915E-5	0.05992976351857165	0.1415709793835512	0.14718178129468956	0.08029844298116447	4.450666797513021E-5	0.09229091485448353	0.1078839048977913
68	68	7.077654038922595E-5	0.05178845482032023	0.11623021868482436	0.029379906690967756	6.44174279139164E-5	2.3290047040595857E-5	0.00715565667234268	7.792184517922878E-5	0.22017489656295397	0.002506829284421418	0.2925063206487759	0.03126039719838415	0.08158327508997901	6.558496016978899E-4	0.16652178888480973
69	69	0.0023933769712047603	0.077743628888217	0.01386132702391229	0.05843133500536089	3.3104970280381885E-5	5.558930567436855E-4	5.1226884988765275E-5	0.17536487874196463	0.040446291487286394	3.81752817975736E-4	0.3173075421459368	0.0423547922357578	2.258872903019601E-4	0.08790881264336883	0.18294014983670012
70	70	0.0020615029230838487	0.14078485397362442	0.004711030582719913	0.01731538970751955	1.7167652173958757E-4	9.583409484147702E-6	0.0634802979549771	3.206335087306912E-5	4.472063181306417E-4	1.5322502207817487E-5	0.32621179617554724	0.13117659053238417	0.011358952308326127	0.11248626460084074	0.18973746913854173
71	71	3.8332920858027376E-5	0.02250763104822789	0.023779952667888127	0.028714498878095223	7.991990955841124E-4	1.2614003525422382E-5	5.3987188119320546E-5	0.0506777603062581	0.008040653323380702	0.018172537642062846	0.3655509472480247	0.006612595134653059	0.13208158592706498	0.07965240510356453	0.263305299512693
72	72	0.0037143762984815244	0.07189349947117607	0.007777153448097355	9.174506576422891E-5	0.007024624362060982	2.1892092682719277E-5	0.20503643144487813	7.324468918842233E-5	2.671889935937322E-5	0.23482376622064452	0.28124984292904043	8.644939669156219E-4	0.04352409181045204	0.00724893405174367	0.13662918524951498
73	73	0.2427871572354147	0.40420756733726526	0.024627903125085764	2.2374472122494273E-4	0.012278914872019351	5.338968514027095E-5	0.015594749014016312	9.87376338275033E-4	6.516113579299593E-5	8.53624766623688E-5	0.206313902436875	0.02232704078089207	0.00100760187618131	0.016060952458427136	0.05337917650672741
74	74	5.714896652899637E-4	0.0647789805311378	0.049719309322461845	0.030761070970951064	0.0025323898217301105	0.002154462230288871	5.0449400211534205E-5	0.26965935266758395	0.01376321643562952	0.007339652027084491	0.29892140284491303	0.04171196169446472	0.015042626469420221	0.1774597197704693	0.02553391614836364
75	75	0.013778636461153885	0.05841911153826958	0.11853945244680535	0.025821786697517855	0.007825821301403841	1.4096111121960887E-4	0.03706226930790699	0.15725283478605595	0.002523058446918584	1.3956895784052356E-5	0.039418607383208334	0.1044111490772018	3.251263542078496E-5	0.27092434472550336	0.1638354971856301
76	76	4.1180727763044927E-4	0.1264949856924758	8.409683494687441E-4	9.489189496220094E-5	6.262773361835229E-5	2.264298512456165E-5	7.82904846007924E-4	0.20827499985828676	2.763534987299348E-5	3.620289732339764E-5	0.4891489579719044	0.00535310822821237	4.2733187569680476E-4	0.12823255144555773	0.039788383593857626
77	77	0.009372181250692408	0.09282784876229684	0.024420277655012975	0.17785531596736504	7.375940979919716E-5	2.6667629856403684E-5	0.0025379116627237846	8.922227255898678E-5	3.254735527630524E-5	8.505629911336024E-4	0.10830330725958799	0.015595729242668485	0.3087267748328809	0.13001900453283996	0.12926888917530718
78	78	7.943627291085547E-5	0.017340552629151306	0.028292412722188114	0.0012974403403548185	7.229910300566451E-5	0.0027978938195723094	0.17473238839008193	4.8342070851524927E-4	3.190297479453481E-5	0.1889170414704233	0.1643659293560808	0.09685572652719883	0.0016812177983864317	0.0846806494844165	0.23837168840291942
79	79	0.003182039102852699	0.110352115567097	0.01674152510180554	0.05092873373784898	0.002936641845605299	1.5913092678958866E-5	0.16711738409716456	0.001258502401764609	1.9421639034129465E-5	0.18659995993306042	0.2721727583564356	0.018707316105170065	5.926899702116429E-5	0.08216485986549715	0.08774356015696388
80	80	0.010039763689786091	0.08039620305673804	0.037109601963581186	0.06732140101140562	7.574837821967659E-5	0.05395863228171815	0.04243249858579403	9.162820670361119E-5	0.2344269152578838	0.18797343541127487	0.10126723574939847	0.05044930379455458	0.11958045474946784	0.010312894684045703	0.0045642831794284345
81	81	0.024046166152941577	0.06852102836160716	0.11523309291158	0.14688552715816178	0.1479572438393619	0.02584053931103689	0.016700325700463016	0.00819511717635231	2.9714516472425296E-5	3.89266498817478E-5	0.0594149689281215	0.12598555113157583	0.016318000926866274	0.1895126106644295	0.05532118657114816
82	82	3.655421009904647E-4	0.08640438077638009	0.04854710437318124	0.037533121362618	5.559171624855938E-5	2.0099121129558446E-5	8.602304821522933E-5	0.003416333664972823	2.4530610319242373E-5	0.3081482082988521	0.16261413104632216	0.09365476088353582	0.1142483059426003	0.057196022038692056	0.08768584501594244
83	83	2.964863335961253E-4	0.14391814797616995	0.05789682282539551	6.831872954556872E-5	0.02548047622546345	1.630212967551621E-5	0.031925741679962705	5.4542269599245334E-5	1.9896451584429583E-5	0.0010138467765671549	0.32525248435893245	0.023856629675467186	0.017593848498709968	0.026635292310430214	0.34597116375890063
84	84	0.016051550173153573	0.1067210555941792	0.017248062071976298	6.785389505325586E-4	0.028797909345978735	3.508685387228217E-5	0.09528821681993808	1.1739059137564744E-4	4.282286444870353E-5	5.609886510773739E-5	0.22540929529821083	0.23949640679797177	1.3068249394336944E-4	0.05626378553207109	0.2136630977472401
85	85	0.030370413677157065	0.15161063972912597	0.11382909277378923	0.06470680947725756	8.346022745109575E-4	0.0071966844682431206	0.02280416573413479	4.4072368492508264E-5	6.14703114557687E-4	0.004810069187402587	0.2476520227089917	0.050405676099276875	0.16367349543189538	0.06123125395864512	0.08021629899651948
86	86	0.007621344250632881	0.0985309753791476	0.04261196545209756	0.01622763934362746	0.0021750076352902033	0.027944512826460283	0.03671419002381032	0.13168454440463068	0.006601350239150744	1.5120557512049942E-5	0.2651827983350913	0.16225351682371003	0.02252652466342935	0.07218117420472815	0.10772933586068141
87	87	0.0059580458499181605	0.0751496605736287	0.0803579743008162	0.005685529774180454	0.003593179214002511	1.9470741360611824E-5	0.003327715346233205	6.514353926300979E-5	0.001793426444041026	0.32682885390102817	0.2014767812096115	0.004603146856013485	0.018653978589738534	0.08077300942150936	0.19171408423865513
88	88	4.505682185776223E-5	0.1261754347618167	0.0048179532131926795	0.14267939540607652	0.009024772996551819	1.4826600661690051E-5	0.04767740844381109	0.06338514479178943	6.918779275033169E-4	2.3705615600477313E-5	0.17857529219714954	0.05134375470326945	0.005894669189362372	0.2861012270954039	0.08354948023595325
89	89	4.526012500830142E-5	0.004239877676251016	0.033491846704166627	9.648455191452258E-4	7.180161441502107E-4	1.489350051174658E-5	6.374330023472349E-5	4.982939875691168E-5	0.0018230373501128725	0.12365672975089081	0.3280564018732907	0.01953915858105756	0.050591554413827795	0.0550164203419284	0.38172838532066716
90	90	4.488544474646745E-5	0.05633616334243825	0.06319572850550385	0.2622850025212891	4.0852588801865095E-5	1.4770206537849202E-5	7.344351581836561E-4	0.10006112967188832	0.002479165113174078	2.3615449455694637E-5	0.24792664017442734	0.001925697839903872	0.009899565651733045	0.1917135016304695	0.06331884670144719
91	91	0.011147306051238455	0.05536395972665474	0.04817642974684716	0.020100732087944037	3.641565029312255E-4	0.005871024806679504	0.2763014730548084	6.801208230386271E-5	0.008338958022494944	0.3202811625192146	0.10164886243021558	0.027284835237380664	0.018551597229423785	0.0766314984198339	0.029869992082029166
92	92	3.170027422671366E-5	0.0023375544118700883	0.03388680094771518	0.00762847979119024	2.8852076106302068E-5	1.0431434962485657E-5	0.034966162974274365	0.2664497320358608	1.2731375888816184E-5	1.667837375704143E-5	0.25157749925804446	0.031067012927913903	9.869478129934674E-4	0.3441363794681648	0.026863036837031392
93	93	0.04411868887921638	0.13709206735093812	0.03185468781681962	0.04347661497987664	6.093479645599932E-5	3.557561993217885E-4	0.21701573186542514	0.00541331381661812	2.688831803754946E-5	3.52242696975423E-5	0.2730214276607182	0.07996287013632734	7.495056414666598E-4	0.09439719960324963	0.07241908866583134
94	94	0.06237700259268344	0.028663194943957353	0.0488934371270445	0.04279987045779043	2.5186602869214378E-5	9.106187325589946E-6	0.03052393378724356	3.046670183709176E-5	1.1113935347628718E-5	1.4559492175718149E-5	0.23175498147827606	0.03636219266855014	0.24805182498679185	0.14164595061086413	0.12883717842724335
95	95	3.907964524368496E-5	0.021777280593691713	0.09300750153499887	0.006677084250670929	3.556842728596717E-5	1.2859724013774659E-5	0.0018082367144760531	0.007640215678101325	0.2820857503084439	0.004500955384925581	0.33176392099538315	0.03732497095078914	0.017774674928398633	0.09620361372586778	0.09934828713770949
96	96	0.0206651087077402	0.2384573693272206	3.7050608203851026E-4	2.2686381393448196E-4	1.4972792473363236E-4	5.4133959135983206E-5	0.2404987227415979	0.023141788822804925	6.606950861397032E-5	0.0025466244705835035	0.21821026644273264	0.066919584950571	0.02562236831912793	0.018744920695292943	0.14432594423387177
97	97	0.3564358341183534	0.018486702751690943	0.012548244428362222	0.007173715143220273	5.66854217944819E-4	1.175801359597381E-5	0.004324987499729107	3.9338955110040775E-5	1.435044088704011E-5	1.879938341170438E-5	0.31420601581979946	0.05318516539127772	0.04724320709829291	0.1045260391198064	0.08121898761851802
98	98	1.969681025717476E-4	0.05804191980053883	0.04486143510798877	0.3640858356297781	2.9954948659857268E-5	0.002635727508889014	3.744646838193829E-4	0.0041376367604257554	1.3218033590155843E-5	6.735402386234127E-4	0.2083680073225357	0.08212760089156348	0.09043523931803488	0.08003623511270333	0.06398221654027769
99	99	0.011640894904901904	0.03650662594340038	0.2626816197350378	0.05516348282466824	0.2968557605675508	0.002913290834990159	0.004695475398563011	0.0012029190578199385	1.557973107387016E-5	2.0409779756205155E-5	0.04140061199119826	0.033376708032867734	4.754465022159446E-5	0.15157353809360272	0.1019055384543474
100	100	0.021754944387814043	0.12230655014221478	8.631786223588896E-4	0.008003265761704575	0.3028966956348304	1.2799882078222188E-5	5.478273731804445E-5	0.0017878642081794783	0.0025362345738167424	2.046518222223345E-5	0.27903225385154323	0.13681242391158815	6.29353530022043E-4	0.06376354604409806	0.0595256415302111
101	101	0.1163868887035794	0.10094939435859739	0.032165940537619835	0.0025825525660398297	0.03989087990804676	1.5118618185861952E-5	0.057777143808345095	5.058257819527649E-5	1.8451997422781748E-5	0.002314348582024403	0.32843467541343474	0.023956813059683234	0.003033538836430577	0.015998938797098013	0.2764247322352969
102	102	2.7718364406918266E-4	0.01888343574340671	0.004259938489768832	6.387085092230084E-5	0.0432144996475392	0.29714255983383514	0.07578998539527829	5.099130492779043E-5	1.8601096675608552E-5	2.552359908596657E-4	0.4049663646963113	0.009836567563276432	5.6764948700759736E-5	0.05399059426497912	0.09119340652944974
103	103	0.009700671857356553	0.1230337532489332	0.11538008714664767	0.16298964103476274	0.15537865557488273	0.10392137002432049	0.005744830531361068	0.002972458357049237	1.8651499028481502E-4	1.8218542248258875E-5	0.05697827409794502	0.05982709366948746	0.0400874804685067	0.1520432490358575	0.011737701420356577
104	104	0.0012393106842317058	0.12090160771276723	0.04615810832644192	0.3547086563558812	9.389620153881772E-4	1.9476485829222302E-5	0.10334414198565799	6.516275861421687E-5	2.377069530479488E-5	3.114011747201527E-5	0.0779183133429392	0.10550504221942777	0.01039861938579391	0.1462936799453523	0.0324540079688984
105	105	0.01834275694404668	0.06538769774934643	0.031841704630721654	0.012094364082715995	2.8576626835541774E-5	1.033184659515938E-5	0.11601616199263881	9.73611474889077E-4	1.2609830105024785E-5	0.013789165465341324	0.217717725698762	0.11278026630722346	0.012402561624641989	0.28043909235190834	0.11816337337422858
106	106	4.7473316722803364E-4	0.052592901325128665	0.07085610798699772	0.05312866003874008	0.008021309068237581	0.0017400616939595292	0.01602479069394464	0.009971114649874852	1.7381214881514866E-5	8.856799719119422E-4	0.5054717226946196	0.008760018790100634	0.13552994520235032	0.036211809137861796	0.1003137643641632
107	107	0.014412734630725746	0.17687127508985745	1.7046876671689777E-4	0.015196005355542492	0.43433042687042744	2.490687656364796E-5	1.065999567699766E-4	4.606219443825354E-4	3.0398388034678268E-5	3.982253620359353E-5	0.20264367255727306	0.10813408880783254	9.276673130982731E-5	0.03050734095603007	0.016978870532330107
108	108	2.0082280836520902E-4	0.02957160710777632	0.013456910545559834	2.135418763951671E-4	1.9780786720547422E-4	1.1042126036846655E-5	0.1470746837710196	3.694379981255216E-5	1.3476713193568187E-5	0.10138127141408732	0.45397891786796374	0.024522445014203892	4.112687259407098E-5	0.08427882760393209	0.1450205746118544
109	109	6.482984779008032E-5	0.07296651248054989	1.4600965952361953E-4	7.357157469955406E-4	3.821614691822892E-4	2.1333201599883303E-5	0.19301569770096408	3.9453123621228676E-4	2.603678299838536E-5	0.2084700105758447	0.3651998300763641	0.11911767991558503	7.945642544690472E-5	0.01481962790234464	0.02456056697859868
110	110	0.0017464175415233935	0.008954617264056044	0.009421784219531026	0.0012045298961208834	0.25720000953886274	1.85933045946915E-5	9.245352504832096E-4	0.09244417407987177	3.0434512469087115E-4	2.972803689271978E-5	0.2695700962904655	0.024393024778496416	0.007673864632193662	0.2993567174046965	0.026757562637520604
111	111	4.520912741427745E-5	0.1342639579395412	1.0181991052165643E-4	0.008175064158476976	4.1147189312231504E-5	2.4023002510665446E-4	6.367147641747769E-5	0.18438877763657344	1.8156763900531722E-5	2.3785747683205307E-5	0.484983366552334	0.01253119002225801	5.5408978801609834E-5	0.07027845449517198	0.10478975997648682
112	112	1.9915719012515397E-4	0.002619759430591013	0.00919831460892839	0.0017046852699333609	3.0287865535321078E-5	1.0950542980690446E-5	4.686767549380752E-5	0.3684547609355466	1.3364937745879118E-5	1.7508353292841893E-5	0.21284022455524698	0.0503621207179195	4.078576756866704E-5	0.26422247648555813	0.09023873566353378
113	113	0.029249978420440213	0.11316403287924538	0.06352744105869708	0.007747851146621223	0.05430749400203519	1.9465000279592922E-5	0.22004650206623405	3.5998115834719863E-4	2.3756677401203745E-5	3.112175371954854E-5	0.20171223123227086	0.1944895862400913	0.0033159233275216783	0.05539150581750845	0.05661312921958706
114	114	0.011129780731527128	0.21855632285142548	7.65290199411357E-4	6.13361115627424E-5	0.06322671001193893	1.463594611812584E-5	0.041078263167413705	0.08474068485514473	1.786290497792828E-5	2.3400786231605482E-5	0.24434276333859878	0.11542169906739566	5.451220981224599E-5	0.18841889327443054	0.03214784454401113
115	115	2.7017046042451663E-5	0.0792936531625375	0.033459377786438795	0.032493087155756495	2.4589625408584114E-5	8.8903508106823E-6	0.02549096218653881	0.2550975506583371	1.0850510822459982E-5	1.4214400433403417E-5	0.14896044610612222	0.06351199969957685	7.064699539854852E-4	0.35174294744031953	0.009157943916869724
116	116	4.421277784831108E-5	0.16943187654001654	9.957593392982006E-5	0.019234624154737808	0.001142174441131884	1.4548855739766136E-5	0.022982497138819162	0.02407083929521351	1.775661276145144E-5	2.326154116262418E-5	0.35286183674475685	0.0018968387476063291	0.3138850142847517	0.03126385123567956	0.06303109169584481
117	117	7.799763055630094E-4	0.04186527159597676	0.0010848906921004024	6.741968421281309E-5	0.040254303803807026	1.6087600604260953E-5	0.30249534526614913	0.0634147332474154	1.9634622770364055E-5	2.5721774300161504E-5	0.1891328711125063	0.035240085142245976	3.0361476209347514E-4	0.3040979984318619	0.021202045958393104
118	118	0.00493441880576843	0.028579967366548727	0.07179180974343148	0.04940714911074942	0.023782881084987308	1.53649370643646E-5	0.13296535909621884	0.20952537913898758	1.875262511609592E-5	4.900640551266423E-4	0.013988739842992277	0.08905131012247286	5.7227367895766165E-5	0.31673837626280327	0.058653200439836975
119	119	2.9917999188788236E-5	0.05201616293182049	0.06508886034506219	4.1258080586300095E-5	0.2111979051258694	9.844951514096001E-6	0.01137615509942155	3.2938395802345965E-5	1.2015583549519596E-5	9.105316671107144E-4	0.40043422596035066	0.04363699749579531	3.6667944675141484E-5	0.1686470738167107	0.04652944460254284
120	120	0.003493147121265195	0.1609309952057607	0.002903295049548953	0.050236462220617506	0.008367994073304779	1.0387119049432719E-5	0.002247280857724691	0.2700381108513248	1.2677289126164442E-5	1.6607518945221243E-5	0.16192370343743923	0.032508476939439215	0.002398856488755193	0.26730631295147933	0.03760569287621961
121	121	0.005817943907242257	0.05472499380911794	0.02180021503930243	9.357594751822242E-5	6.17592210229397E-5	0.03891998298930562	0.4421758605722706	0.0010894277830133079	2.7252106730433156E-5	0.060580744914466744	0.2472883826350738	0.05195605689340963	0.009215657909229511	0.046967730093672756	0.01928041617862391
122	122	2.5046841065600513E-4	0.1497437524002908	0.011568185107273317	5.771491521975393E-5	0.32047358314222524	1.3771860782280599E-5	0.002145111315383795	0.0010891609959756687	1.6808304604132887E-5	2.2019237265328695E-5	0.2559942229784564	0.11757789179385948	2.599107435504781E-4	0.0955171033542916	0.04527029544016571
123	123	0.007982239202470936	0.1654016241812286	0.0035554135092232745	0.010645409080526844	0.2823283267824549	1.7448262469946574E-5	0.06456562917089122	0.019088493780167172	2.129528573110917E-5	2.7897278172300926E-5	0.2738492738045905	0.06042243456181966	3.292939816863824E-4	0.03934449976914698	0.07242072134942026
124	124	0.45165369555268325	0.0321560047449842	0.04310348141036453	3.664074576046513E-5	2.4182538097466155E-5	8.743168861129192E-6	3.742024497721564E-5	9.563459523296726E-4	1.067087794064188E-5	1.3979077529721927E-5	0.12689295728449465	0.020211553699990146	0.10956207545757025	0.05653404659687541	0.1587982026475413
125	125	4.4359421322901684E-5	0.03267969621530479	0.14382646840731014	0.0312387814701989	0.1563706499469057	1.4597110901753842E-5	7.258281342702919E-4	0.030563092508463174	0.03473330822408484	2.3338694270536168E-5	0.15193053894040529	0.06447946412483223	2.7548535438617466E-4	0.18791894004764031	0.16517545139970305
